./operation 16
8 0 6 5 4 1 8 0 0 3 0 5 9 9 7 0 
4 8 2 2 5 0 1 9 4 2 8 9 2 4 6 3 
5 3 0 9 6 8 1 6 1 2 2 2 3 1 4 7 
1 6 9 9 9 2 8 3 4 8 4 9 2 3 4 9 
6 4 0 4 3 2 0 6 6 4 9 1 6 3 8 7 
2 9 6 1 1 6 6 8 6 1 9 1 6 3 0 4 
7 3 8 2 7 8 9 3 3 0 4 1 5 4 0 7 
3 7 0 6 5 7 6 2 0 5 5 6 0 7 0 0 
0 8 2 7 6 3 2 1 3 8 4 9 2 5 8 7 
4 9 6 1 6 2 5 8 0 0 4 2 8 4 2 8 
4 7 8 2 0 0 6 6 9 0 7 1 7 5 1 3 
6 7 5 4 1 0 2 3 3 6 6 3 2 8 3 6 
7 1 9 0 2 5 6 3 7 3 6 5 0 7 8 9 
6 3 3 8 6 6 1 9 2 9 2 5 0 5 3 7 
9 2 7 3 9 3 6 7 8 2 2 1 2 0 0 8 
6 3 8 4 1 0 3 4 1 7 1 1 4 6 9 5 
9 8 8 8 2 4 5 2 7 9 5 9 2 7 9 8 
1 8 2 4 0 7 8 1 6 1 3 2 8 4 8 9 
2 6 9 6 1 7 1 0 6 6 1 8 4 0 8 7 
8 2 1 8 1 2 0 7 5 5 0 5 9 0 4 1 
6 6 0 9 3 1 9 1 7 0 2 3 3 0 2 1 
5 4 2 6 8 4 6 3 9 8 9 0 8 5 3 6 
3 3 6 6 6 5 0 4 8 2 9 1 4 2 4 1 
8 8 0 6 2 6 1 3 6 2 3 6 0 7 2 3 
2 8 2 9 6 2 5 4 6 6 7 0 8 3 4 8 
2 4 6 4 0 0 8 8 2 3 4 2 2 6 8 5 
7 0 6 3 2 3 9 0 9 8 2 0 1 6 8 3 
0 7 0 2 7 0 0 9 3 4 4 6 3 2 3 2 
2 1 5 6 4 6 8 3 4 0 3 7 7 4 3 7 
3 3 0 0 5 2 1 8 7 5 6 2 9 1 4 3 
2 1 9 6 7 7 2 3 0 7 2 7 3 5 4 6 
0 6 6 5 9 8 6 8 5 2 0 5 4 4 8 8 
3 
1 
4 
5 
3 
7 
6 
0 
0 
4 
1 
8 
2 
8 
0 
0 
Initializing OpenCL
Platform: Altera SDK for OpenCL
Using 1 device(s)
  de1soc_sharedonly : Cyclone V SoC Development Kit
Using AOCX: operation.aocx
My operation starts here: 
Addition:
Launching for device 0 (256 elements)

Time: 0.482 ms
Kernel time (device 0): 0.084 ms
17 8 14 13 6 5 13 2 7 12 5 14 11 16 16 8 
5 16 4 6 5 7 9 10 10 3 11 11 10 8 14 12 
7 9 9 15 7 15 2 6 7 8 3 10 7 1 12 14 
9 8 10 17 10 4 8 10 9 13 4 14 11 3 8 10 
12 10 0 13 6 3 9 7 13 4 11 4 9 3 10 8 
7 13 8 7 9 10 12 11 15 9 18 1 14 8 3 10 
10 6 14 8 13 13 9 7 11 2 13 2 9 6 4 8 
11 15 0 12 7 13 7 5 6 7 8 12 0 14 2 3 
2 16 4 16 12 5 7 5 9 14 11 9 10 8 12 15 
6 13 12 5 6 2 13 16 2 3 8 4 10 10 10 13 
11 7 14 5 2 3 15 6 18 8 9 1 8 11 9 6 
6 14 5 6 8 0 2 12 6 10 10 9 5 10 6 8 
9 2 14 6 6 11 14 6 11 3 9 12 7 11 11 16 
9 6 3 8 11 8 2 17 9 14 8 7 9 6 7 10 
11 3 16 9 16 10 8 10 8 9 4 8 5 5 4 14 
6 9 14 9 10 8 9 12 6 9 1 6 8 10 17 13 
multiplication:
Launching for device 0 (16 elements)

Time: 3.292 ms
Kernel time (device 0): 0.060 ms
626 
390 
416 
480 
305 
424 
419 
506 
454 
366 
391 
330 
513 
372 
465 
449 

Time for addition serial: 0.029 ms
17 8 14 13 6 5 13 2 7 12 5 14 11 16 16 8 
5 16 4 6 5 7 9 10 10 3 11 11 10 8 14 12 
7 9 9 15 7 15 2 6 7 8 3 10 7 1 12 14 
9 8 10 17 10 4 8 10 9 13 4 14 11 3 8 10 
12 10 0 13 6 3 9 7 13 4 11 4 9 3 10 8 
7 13 8 7 9 10 12 11 15 9 18 1 14 8 3 10 
10 6 14 8 13 13 9 7 11 2 13 2 9 6 4 8 
11 15 0 12 7 13 7 5 6 7 8 12 0 14 2 3 
2 16 4 16 12 5 7 5 9 14 11 9 10 8 12 15 
6 13 12 5 6 2 13 16 2 3 8 4 10 10 10 13 
11 7 14 5 2 3 15 6 18 8 9 1 8 11 9 6 
6 14 5 6 8 0 2 12 6 10 10 9 5 10 6 8 
9 2 14 6 6 11 14 6 11 3 9 12 7 11 11 16 
9 6 3 8 11 8 2 17 9 14 8 7 9 6 7 10 
11 3 16 9 16 10 8 10 8 9 4 8 5 5 4 14 
6 9 14 9 10 8 9 12 6 9 1 6 8 10 17 13 

Time for multiplication serial: 0.026 ms
626 
390 
416 
480 
305 
424 
419 
506 
454 
366 
391 
330 
513 
372 
465 
449 

root@socfpga:~/lab5/16# diff MULTOUT.bin MULT_ser.bin                                                                                                                                                                
root@socfpga:~/lab5/16# diff ADDOUT.bin ADD_ser.bin
